(229 025 27.1 100 00.0 000 50.0 000 007 1000000000000000000)
(229 025 27.2 100 00.0 000 50.0 000 007 1000000000000000000)
(229 025 27.1 100 00.0 000 50.0 000 007 1000000000000000000)
(229 025 27.1 100 00.0 000 50.0 000 007 1000000000000000000)
(229 025 27.2 100 00.0 000 50.0 000 007 1000000000000000000)
(229 025 27.1 100 00.0 000 50.0 000 007 1000000000000000000)
(229 025 27.1 100 00.0 000 50.0 000 007 1000000000000000000)
(229 025 27.1 100 00.0 000 50.0 000 007 1000000000000000000)
(229 025 27.1 100 00.0 000 50.0 000 007 1000000000000000000)
(229 025 27.1 100 00.0 000 50.0 000 007 1000000000000000000)
(229 025 27.1 100 00.0 000 50.0 000 007 1000000000000000000)
(229 025 27.1 100 00.0 000 50.0 000 007 1000000000000000000)
(229 025 27.2 100 00.0 000 50.0 000 007 1000000000000000000)
(229 025 27.2 100 00.0 000 50.0 000 007 1000000000000000000)
(229 025 27.1 100 00.0 000 50.0 000 007 1000000000000000000)
(229 025 27.1 100 00.0 000 50.0 000 007 1000000000000000000)
(229 025 27.1 100 00.0 000 50.0 000 007 1000000000000000000)
(229 025 27.1 100 00.0 000 50.0 000 007 1000000000000000000)
(229 025 27.2 100 00.0 000 50.0 000 007 1000000000000000000)
(229 025 27.2 100 00.0 000 50.0 000 007 1000000000000000000)
(229 025 27.2 100 00.0 000 50.0 000 007 1000000000000000000)
(229 025 27.2 100 00.0 000 50.0 000 007 1000000000000000000)
(229 025 27.3 100 00.0 000 50.0 000 007 1000000000000000000)
(229 025 27.8 100 00.0 000 50.0 000 007 1000000000000000000)
(229 025 27.2 100 00.0 000 50.0 000 007 1000000000000000000)
(229 025 27.1 100 00.0 000 50.0 000 007 1000000000000000000)
(229 025 27.1 100 00.0 000 50.0 000 007 1000000000000000000)
(229 025 27.1 100 00.0 000 50.0 000 007 1000000000000000000)
(229 025 27.1 100 00.0 000 50.0 000 007 1000000000000000000)
(229 025 27.1 100 00.0 000 50.0 000 007 1000000000000000000)
(229 025 27.1 100 00.0 000 50.0 000 007 1000000000000000000)
(229 025 27.2 100 00.0 000 50.0 000 007 1000000000000000000)
(229 025 27.1 100 00.0 000 50.0 000 007 1000000000000000000)
(229 025 27.2 100 00.0 000 50.0 000 007 1000000000000000000)
(229 025 27.1 100 00.0 000 50.0 000 007 1000000000000000000)
(229 025 27.1 100 00.0 000 50.0 000 007 1000000000000000000)
(229 025 27.1 100 00.0 000 50.0 000 007 1000000000000000000)
(229 025 27.1 100 00.0 000 50.0 000 007 1000000000000000000)
(230 025 27.1 100 00.0 000 50.0 000 007 1000000000000000000)
(229 025 27.1 100 00.0 000 50.0 000 007 1000000000000000000)
(229 025 27.1 100 00.0 000 50.0 000 007 1000000000000000000)
(229 025 27.2 100 00.0 000 50.0 000 007 1000000000000000000)
(229 025 27.2 100 00.0 000 50.0 000 007 1000000000000000000)
(229 025 27.1 100 00.0 000 50.0 000 007 1000000000000000000)
(229 025 27.2 100 00.0 000 50.0 000 007 1000000000000000000)
(229 025 27.2 100 00.0 000 50.0 000 007 1000000000000000000)
(229 025 27.2 100 00.0 000 50.0 000 007 1000000000000000000)
(229 025 27.2 100 00.0 000 50.0 000 007 1000000000000000000)
(229 025 27.2 100 00.0 000 50.0 000 007 1000000000000000000)
(229 025 27.2 100 00.0 000 50.0 000 007 1000000000000000000)
(229 025 27.2 100 00.0 000 50.0 000 007 1000000000000000000)
(229 025 27.2 100 00.0 000 50.0 000 007 1000000000000000000)
(229 025 27.1 100 00.0 000 50.0 000 007 1000000000000000000)
(229 025 27.1 100 00.0 000 50.0 000 007 1000000000000000000)
(229 025 27.1 100 00.0 000 50.0 000 007 1000000000000000000)
(229 025 27.2 100 00.0 000 50.0 000 007 1000000000000000000)
(229 025 27.2 100 00.0 000 50.0 000 007 1000000000000000000)
(229 025 27.1 100 00.0 000 50.0 000 007 1000000000000000000)
(229 025 27.1 100 00.0 000 50.0 000 007 1000000000000000000)
(229 025 27.2 100 00.0 000 50.0 000 007 1000000000000000000)
(229 025 27.1 100 00.0 000 50.0 000 007 1000000000000000000)
(229 025 27.1 100 00.0 000 50.0 000 007 1000000000000000000)
(229 025 27.1 100 00.0 000 50.0 000 007 1000000000000000000)
(229 025 27.1 100 00.0 000 50.0 000 007 1000000000000000000)
(229 025 27.1 100 00.0 000 50.0 000 007 1000000000000000000)
(229 025 27.1 100 00.0 000 50.0 000 007 1000000000000000000)
(229 025 27.1 100 00.0 000 50.0 000 007 1000000000000000000)
(229 025 27.1 100 00.0 000 50.0 000 007 1000000000000000000)
(229 025 27.1 100 00.0 000 50.0 000 007 1000000000000000000)
(229 025 27.1 100 00.0 000 50.0 000 007 1000000000000000000)
(229 025 27.1 100 00.0 000 50.0 000 007 1000000000000000000)
(229 025 27.2 100 00.0 000 50.0 000 007 1000000000000000000)
(229 025 27.1 100 00.0 000 50.0 000 007 1000000000000000000)
(229 025 27.1 100 00.0 000 50.0 000 007 1000000000000000000)
(229 025 27.1 100 00.0 000 50.0 000 007 1000000000000000000)
(229 025 27.1 100 00.0 000 50.0 000 007 1000000000000000000)
(229 025 27.1 100 00.0 000 50.0 000 007 1000000000000000000)
(229 025 27.1 100 00.0 000 50.0 000 007 1000000000000000000)
(229 025 27.1 100 00.0 000 50.0 000 007 1000000000000000000)
(229 025 27.1 100 00.0 000 50.0 000 007 1000000000000000000)
(229 025 27.1 100 00.0 000 50.0 000 007 1000000000000000000)
(229 025 27.1 100 00.0 000 50.0 000 007 1000000000000000000)
(229 025 27.1 100 00.0 000 50.0 000 007 1000000000000000000)
(229 025 27.1 100 00.0 000 50.0 000 007 1000000000000000000)
(229 025 27.1 100 00.0 000 50.0 000 007 1000000000000000000)
(229 025 27.1 100 00.0 000 50.0 000 007 1000000000000000000)
(229 025 27.1 100 00.0 000 50.0 000 007 1000000000000000000)
(229 025 27.1 100 00.0 000 50.0 000 007 1000000000000000000)
(229 025 27.1 100 00.0 000 50.0 000 007 1000000000000000000)
(229 025 27.2 100 00.0 000 50.0 000 007 1000000000000000000)
(229 025 27.1 100 00.0 000 50.0 000 007 1000000000000000000)
(229 025 27.1 100 00.0 000 50.0 000 007 1000000000000000000)
(229 025 27.1 100 00.0 000 50.0 000 007 1000000000000000000)
(229 025 27.2 100 00.0 000 50.0 000 007 1000000000000000000)
(229 025 27.1 100 00.0 000 50.0 000 007 1000000000000000000)
(229 025 27.2 100 00.0 000 50.0 000 007 1000000000000000000)
(229 025 27.1 100 00.0 000 50.0 000 007 1000000000000000000)
(229 025 27.1 100 00.0 000 50.0 000 007 1000000000000000000)
(229 025 27.1 100 00.0 000 50.0 000 007 1000000000000000000)
(229 025 27.1 100 00.0 000 50.0 000 007 1000000000000000000)
(229 025 27.1 100 00.0 000 50.0 000 007 1000000000000000000)
(229 025 27.1 100 00.0 000 50.0 000 007 1000000000000000000)
(229 025 27.1 100 00.0 000 50.0 000 007 1000000000000000000)
(229 025 27.1 100 00.0 000 50.0 000 007 1000000000000000000)
(229 025 27.1 100 00.0 000 50.0 000 007 1000000000000000000)
(229 025 27.1 100 00.0 000 50.0 000 007 1000000000000000000)
(229 025 27.2 100 00.0 000 50.0 000 007 1000000000000000000)
(229 025 27.1 100 00.0 000 50.0 000 007 1000000000000000000)
(229 025 27.1 100 00.0 000 50.0 000 007 1000000000000000000)
(229 025 27.1 100 00.0 000 50.0 000 007 1000000000000000000)
(229 025 27.1 100 00.0 000 50.0 000 007 1000000000000000000)
(229 025 27.2 100 00.0 000 50.0 000 007 1000000000000000000)
(229 025 27.2 100 20.0 000 50.0 000 007 1000000000000000000)
(229 025 27.1 100 30.0 000 50.0 000 007 1000000000000000000)
(229 025 27.1 100 40.0 000 50.0 000 007 1000000000000000000)
(229 025 27.1 100 50.0 000 50.0 000 007 1000000000000000000)
(229 025 27.1 100 60.0 000 50.0 000 007 1000000000000000000)
(229 025 27.1 100 70.0 000 50.0 000 007 1000000000000000000)
(229 025 27.2 100 80.0 000 50.0 000 007 1000000000000000000)
(229 025 27.1 100 99.0 000 50.0 000 007 1000000000000000000)
(229 025 27.1 100 70.0 000 50.0 000 007 1000000000000000000)
(229 025 27.1 100 40.0 000 50.0 000 007 1000000000000000000)
(229 025 27.1 100 00.0 000 50.0 000 007 1000000000000000000)
(229 025 27.1 100 00.0 000 50.0 000 007 1000000000000000000)
(229 025 27.1 100 00.0 000 50.0 000 007 1000000000000000000)
(229 025 27.1 100 00.0 000 50.0 000 007 1000000000000000000)
(250 050 27.1 100 00.0 000 50.0 000 007 1000000000000000000)
(229 050 27.1 100 00.0 000 50.0 000 007 1000000000000000000)
(229 075 27.1 100 00.0 000 50.0 000 007 1000000000000000000)
(229 100 27.1 100 00.0 000 50.0 000 007 1000000000000000000)
(229 100 27.1 100 00.0 000 50.0 000 007 1000000000000000000)
(229 100 27.1 100 00.0 000 50.0 000 007 1000000000000000000)
(229 025 27.1 100 00.0 000 50.0 000 007 1000000000000000000)
(229 025 27.2 100 00.0 000 50.0 000 007 1000000000000000000)
(229 025 27.1 100 00.0 000 50.0 000 007 1000000000000000000)
